351 248
351 248
353 248
351 248
352 250
351 249
354 248
352 248
352 250
350 249
351 249
352 249
351 249
357 246
357 246
357 246
389 183
389 183
387 183
322 276
619 300
669 354
308 309
364 241
359 268
331 261
331 261
359 242
1452 752
1450 724
1452 747
1452 748
1454 748
1452 747
1452 749
1454 748
1454 745
1453 747
1452 747
1452 747
1433 799
1437 803
1437 805
1452 749
1454 748
1455 725
1454 725
1457 726
1456 724
1456 725
1456 726
1456 725
1431 798
1429 797
1429 798
1427 798
1428 798
1430 798
1429 798
1429 798
1427 797
1429 798
1428 798
1463 768
1463 767
1463 768
1462 768
1462 768
1453 747
1477 763
1477 762
1469 745
1469 745
1434 798
1455 745
1455 745
1440 752
1439 752
1452 748
1453 748
1323 696
1352 727
1355 719
1354 718
1354 718
1324 700
1320 714
1343 730
1385 705
1355 725
1354 724
1358 725
1354 724
1355 724
1355 724
1354 725
1356 724
1356 724
1357 724
1358 724
1323 696
1323 696
1324 697
1323 697
1320 712
1010 740
1010 740
1020 749
1007 747
1007 748
1008 748
967 718
1015 728
1017 758
1016 752
1014 750
1016 752
1015 750
1014 750
1015 752
1015 751
1015 751
1014 750
1013 750
1013 751
1014 750
1015 750
1015 750
1015 750
1015 751
1004 724
1012 725
1018 717
1018 717
1019 716
1017 713
1018 717
1019 716
967 720
1017 745
1017 745
1017 746
1018 749
1016 750
1016 750
1017 749
1017 750
1016 750
1017 749
1017 750
1016 750
1009 745
1010 745
1006 746
1009 744
1008 744
1010 743
1009 744
1009 745
1009 745
1008 744
1006 747
1006 748
1006 747
1006 748
1030 777
1018 751
977 716
972 729
971 729
1048 735
1009 749
1026 766
1025 766
1029 768
1018 748
1019 749
1019 749
1016 748
1018 748
1016 748
1017 749
1018 750
1019 749
1015 749
1019 749
1018 748
1017 749
1017 749
1016 749
1018 749
1015 749
1015 749
1016 749
1030 766
1031 767
973 735
1024 734
1007 746
1008 744
1008 745
1008 744
1008 745
1009 745
1013 744
1012 744
1011 748
1010 742
1013 744
1011 748
1011 748
1011 750
1011 748
1012 745
1012 747
1012 751
1013 742
1013 747
1011 747
1011 746
1013 750
1012 749
1011 747
1013 744
1011 748
1013 745
1009 747
1012 749
1013 747
1012 748
1011 747
1012 747
1012 744
1012 749
1011 744
1010 745
1010 747
1012 745
1013 751
1011 747
1009 748
1008 747
1008 747
1013 744
1012 747
1011 746
1012 747
1011 748
1010 746
1013 747
1013 742
1011 748
1009 744
1011 745
1012 747
1014 747
1011 748
1011 743
1011 747
1011 744
1013 745
1014 745
1014 744
1013 744
1013 744
1013 746
1013 745
1004 728
1007 727
1004 728
1004 728
1018 752
1019 751
1030 775
1014 745
1014 747
1015 745
1013 745
1015 745
1015 745
1013 745
1014 747
1014 747
1014 744
1014 745
1014 745
1014 745
1014 746
1014 745
1014 747
1015 745
1015 746
1014 742
1014 746
1014 743
1014 743
1014 747
1014 745
1014 747
1014 747
1016 722
1016 722
1046 734
1042 782
1045 782
1006 744
1008 745
1005 744
1006 745
1006 745
1005 745
1006 745
1006 745
1014 749
1014 749
1014 748
1014 748
1014 748
1014 749
1014 750
1013 748
1013 748
1014 749
1014 748
1013 749
1013 750
1014 749
1013 748
1014 749
1008 749
1030 770
1030 769
1030 769
1032 771
1031 770
1033 769
1033 770
1030 772
1030 768
1033 772
1032 768
1029 770
1034 770
1031 770
1029 768
1031 770
1031 770
1033 770
1027 768
1030 768
1030 771
1032 770
1033 770
1033 770
1034 770
1032 769
1030 769
1030 768
1032 770
1031 769
1030 769
1031 768
1031 770
1032 768
1031 770
1050 769
999 739
1009 716
966 762
967 761
967 761
966 762
906 737
918 727
894 735
894 735
833 670
833 670
834 670
834 670
833 670
833 670
837 669
837 669
832 668
905 737
905 737
905 736
913 746
833 663
834 663
833 663
909 742
909 742
909 741
912 740
911 741
911 741
911 741
912 740
912 740
910 741
909 741
908 741
910 741
909 742
832 622
863 665
849 653
841 666
842 667
842 667
841 666
921 730
921 729
839 684
840 684
907 736
906 736
907 735
907 736
862 718
862 718
906 740
861 711
860 711
861 711
862 678
854 650
854 649
854 647
854 650
854 649
910 736
909 736
941 713
889 715
889 714
888 713
890 713
888 714
889 714
889 713
890 713
889 714
891 713
888 713
891 713
889 714
888 714
889 713
889 714
890 714
890 715
889 714
908 737
908 737
908 737
926 739
927 739
924 723
925 722
923 722
925 739
905 739
904 739
905 740
833 675
833 675
833 675
835 665
835 665
835 665
833 668
833 668
833 668
833 668
901 737
901 737
900 737
901 737
901 737
927 733
927 734
927 734
901 677
901 677
921 734
967 745
967 745
925 762
925 762
910 740
910 740
909 739
909 740
910 740
843 667
843 667
843 667
899 737
842 667
908 741
907 741
908 741
908 741
902 735
902 735
902 735
902 735
902 735
902 735
902 735
902 735
902 735
902 735
902 735
902 735
902 735
902 735
902 735
831 673
831 673
832 674
883 713
844 668
928 739
895 735
895 735
896 735
951 762
890 734
889 734
890 734
890 734
890 734
889 734
856 654
856 654
839 679
839 679
838 679
839 679
839 679
839 679
897 735
897 734
897 735
900 731
838 684
838 684
920 756
919 753
920 754
920 754
919 754
920 754
921 754
919 753
839 692
839 692
850 654
850 654
850 655
881 731
881 731
903 741
903 741
903 741
903 740
903 741
903 741
903 741
897 729
837 671
836 671
836 672
837 672
935 741
935 742
934 742
934 742
900 737
900 737
900 737
856 673
856 673
906 740
906 741
907 740
906 741
898 733
897 733
898 733
841 635
841 634
841 634
841 635
840 635
841 634
841 635
841 635
840 635
913 738
912 738
912 738
912 738
913 738
913 739
912 738
913 738
913 737
913 738
913 738
913 738
868 682
924 763
926 762
924 762
924 763
924 763
924 763
925 762
924 763
925 763
926 762
925 763
924 763
850 654
850 654
851 654
905 738
905 738
908 738
909 738
913 736
913 737
913 736
913 736
839 667
839 667
820 652
878 687
878 687
878 688
878 687
878 687
878 687
878 687
879 687
877 687
879 688
878 687
940 743
939 744
866 700
856 646
920 737
920 737
903 740
904 740
837 666
838 666
837 666
837 666
838 667
837 667
837 667
837 667
837 666
837 666
834 633
915 741
916 741
916 740
910 745
915 739
916 740
916 740
916 741
922 762
829 667
829 667
909 744
909 745
910 744
909 744
909 744
910 744
909 744
909 744
909 744
826 660
909 736
910 736
910 736
901 738
901 738
901 738
901 738
901 738
837 678
837 678
837 678
837 678
838 678
907 741
907 742
907 742
829 671
830 671
830 672
830 672
830 671
913 747
913 747
913 747
913 748
912 747
839 670
838 669
839 670
838 669
842 656
843 656
842 656
842 656
842 656
921 756
921 757
920 757
841 692
934 739
911 738
911 738
911 738
841 658
841 658
906 739
905 739
905 739
908 735
839 671
840 671
839 671
840 671
839 671
926 759
925 760
926 759
927 759
926 760
926 759
926 760
926 759
925 760
926 760
926 761
926 760
950 759
950 760
950 760
833 668
832 667
833 668
854 653
854 653
854 654
907 737
906 737
906 737
907 737
901 740
900 739
901 739
833 666
847 659
847 658
849 658
848 658
847 658
849 658
848 659
848 659
848 658
849 659
848 658
847 658
833 669
833 669
833 669
833 669
921 755
921 755
921 755
920 755
920 755
899 735
899 735
924 754
924 755
923 753
924 754
923 754
924 753
923 754
924 754
924 755
924 754
924 754
923 754
800 616
800 616
800 616
887 697
850 654
850 654
851 654
850 654
837 661
837 661
836 662
837 661
835 662
837 661
837 662
837 661
921 749
886 696
892 731
852 654
853 654
853 654
852 654
852 654
853 654
852 654
852 653
918 737
917 736
917 737
917 735
916 736
914 744
806 640
833 674
833 674
908 743
908 743
908 744
908 743
909 743
878 691
842 685
839 675
838 674
839 674
838 675
838 675
839 675
838 674
839 674
838 674
839 675
838 674
839 674
839 675
877 687
877 687
876 687
877 686
878 689
876 688
875 688
875 688
876 688
877 688
877 689
877 687
877 686
878 688
877 687
876 687
877 687
876 688
877 686
877 689
876 688
877 686
876 687
878 689
875 687
876 687
875 687
877 688
876 689
875 687
876 687
876 687
910 740
908 740
910 740
910 740
909 740
908 740
909 741
908 741
909 740
910 740
903 736
909 742
909 742
907 742
909 742
909 742
908 742
909 742
902 740
902 740
903 740
902 740
902 740
845 684
845 684
845 684
845 684
903 735
903 735
903 735
903 735
903 735
903 735
903 735
910 736
910 736
911 736
910 736
851 655
876 730
876 730
875 730
848 693
899 733
899 733
898 733
920 737
852 653
855 644
854 644
829 667
843 641
862 718
821 657
855 682
908 738
830 676
879 696
878 697
879 696
903 741
902 742
902 739
901 740
901 740
901 740
836 672
836 672
836 672
836 672
836 672
837 673
836 672
837 672
837 673
836 672
823 655
823 655
925 743
925 743
926 743
925 743
925 743
925 743
833 666
833 666
901 740
901 740
901 740
919 730
920 730
920 730
922 736
848 687
848 687
848 687
848 687
849 687
902 736
902 736
902 736
902 736
908 744
907 743
908 744
908 744
908 743
907 743
908 744
908 744
907 743
906 743
907 743
908 744
908 744
908 744
907 743
908 743
908 744
908 743
904 738
904 738
939 743
938 743
902 739
901 738
902 739
911 744
910 744
912 743
912 744
910 744
912 744
912 743
911 744
911 744
912 744
911 744
910 745
912 743
912 743
910 744
912 744
911 743
909 736
875 731
853 698
872 644
880 693
904 734
904 734
903 734
904 734
908 739
909 739
908 739
908 739
920 759
920 759
920 759
921 758
921 758
921 759
920 759
925 760
925 760
924 760
925 760
925 760
925 760
925 760
908 740
907 740
908 740
907 739
937 743
938 743
937 743
937 743
912 736
911 736
912 736
914 746
914 746
836 668
836 668
836 668
911 746
913 745
913 745
912 745
913 746
913 747
913 746
913 747
913 747
913 746
913 745
919 744
920 744
920 744
919 744
920 744
921 744
919 744
913 745
913 744
913 745
913 745
914 744
905 741
906 741
905 741
906 741
905 741
906 741
905 741
906 741
904 726
906 726
905 726
825 657
829 667
850 669
891 721
924 761
925 761
877 696
850 650
850 650
849 651
851 650
850 650
888 698
842 672
842 671
842 671
841 671
841 672
842 671
843 671
842 672
842 672
843 671
860 677
850 664
850 664
849 664
854 664
850 664
902 742
902 742
865 726
865 726
906 742
906 742
906 741
904 741
905 741
905 742
905 742
904 741
905 742
905 741
904 742
906 741
904 742
906 742
905 742
904 742
906 742
905 742
852 651
836 677
836 677
903 737
903 737
903 737
901 737
901 737
903 736
903 737
903 737
901 739
901 739
901 737
903 737
903 738
904 736
902 736
900 738
902 736
903 737
903 737
901 739
902 738
903 738
905 738
905 738
903 737
903 737
903 737
900 736
903 737
903 737
903 737
903 737
903 737
902 737
903 737
899 737
900 737
904 735
899 737
902 738
901 737
902 738
901 737
903 738
903 736
901 738
902 737
902 737
902 736
901 738
903 736
901 736
901 737
900 738
903 737
900 737
900 737
900 737
902 736
902 736
902 736
903 737
901 737
903 736
900 737
903 739
902 737
901 739
900 737
902 737
902 737
903 737
858 683
838 680
838 680
839 679
858 714
904 739
876 686
871 684
871 685
896 737
893 737
891 673
891 673
891 672
901 740
900 740
852 669
829 668
899 738
900 738
900 738
900 738
841 690
900 738
860 660
836 667
836 666
835 666
836 667
836 666
845 645
801 613
835 676
834 676
834 676
834 676
835 675
864 678
865 678
864 679
829 668
828 668
829 668
829 668
831 673
839 676
840 676
839 676
840 676
839 676
840 677
840 676
915 738
923 757
899 733
913 745
913 745
914 745
913 746
913 746
913 745
913 746
914 744
855 672
854 671
855 672
854 672
855 672
855 672
856 672
855 672
856 671
855 672
856 672
855 672
854 671
855 672
855 672
854 672
908 735
907 735
908 735
913 736
906 737
906 738
840 691
905 737
905 737
840 691
840 691
840 691
892 733
892 733
836 669
836 669
922 739
920 739
921 739
921 739
844 682
844 682
844 682
844 682
844 682
858 713
836 677
836 677
836 676
836 677
836 677
836 677
836 677
836 677
923 746
922 746
922 746
922 746
923 746
921 746
921 746
833 660
833 660
832 660
833 661
832 660
833 660
833 660
924 762
924 762
924 762
837 674
838 675
837 674
837 674
838 675
891 735
892 735
891 735
911 745
909 745
910 745
910 745
910 745
910 745
910 744
910 745
910 744
909 745
909 745
910 744
909 745
909 745
910 745
864 719
915 740
915 740
915 739
915 740
849 654
849 654
899 734
899 734
899 734
901 735
901 735
900 735
899 734
898 733
898 733
898 734
898 734
906 740
906 740
906 739
906 740
828 664
828 664
827 664
828 664
828 664
886 735
894 735
858 670
879 678
879 678
833 669
834 669
833 669
833 670
834 671
833 669
834 669
833 670
834 670
833 670
920 752
920 752
919 753
920 752
919 752
920 753
920 752
920 752
919 753
919 753
885 730
869 645
915 737
915 738
915 737
914 738
915 737
915 737
915 737
913 736
916 737
915 737
914 737
914 737
911 742
910 741
911 742
910 741
911 742
910 742
910 742
910 742
909 742
910 742
911 741
851 654
851 654
865 722
834 668
834 668
835 668
887 734
887 734
887 735
887 735
887 734
887 734
887 734
900 734
921 760
898 737
829 674
830 672
829 673
936 742
936 743
937 743
936 743
937 742
936 743
936 743
936 743
936 743
937 743
933 741
933 741
933 741
933 741
907 728
905 727
904 727
905 727
905 728
905 727
835 676
836 676
835 676
836 677
835 676
835 676
835 676
905 740
905 735
905 736
906 735
906 735
905 735
906 735
905 735
906 735
905 736
905 736
906 735
906 735
906 736
906 735
905 735
905 735
905 736
861 710
861 709
861 709
861 709
861 709
861 708
852 676
921 742
827 662
827 662
827 662
827 661
826 661
827 662
906 738
906 738
832 666
833 666
862 718
839 666
840 666
840 666
840 666
858 653
858 653
859 653
858 653
859 653
837 667
837 667
837 667
837 667
839 672
840 672
839 672
840 671
839 671
839 672
831 667
914 736
912 737
912 737
911 737
886 735
889 701
924 757
924 756
924 757
844 688
844 688
927 755
850 655
851 655
851 655
850 655
851 655
914 736
915 736
914 736
916 735
916 736
915 736
915 736
915 736
916 736
914 736
916 736
915 736
935 743
935 742
936 742
935 743
901 743
915 745
915 744
915 745
915 744
915 745
914 745
915 745
834 627
831 620
831 620
831 619
832 620
831 619
832 619
922 737
922 737
922 737
921 737
922 737
921 737
921 737
901 741
901 740
901 740
901 741
901 740
901 741
901 740
901 741
834 676
834 676
834 675
834 675
835 675
834 675
834 675
834 676
834 675
833 675
882 691
898 734
898 735
918 736
919 737
919 736
832 666
913 709
913 709
853 670
853 671
856 671
856 671
919 740
917 740
918 739
917 739
917 740
918 739
918 739
917 740
919 738
919 738
920 739
919 739
917 740
917 738
919 738
917 739
919 740
917 739
851 652
850 651
852 652
851 652
851 652
851 652
825 660
825 660
826 659
826 660
825 660
825 660
901 742
901 742
901 742
906 737
906 737
851 653
851 653
850 652
850 652
851 653
850 653
850 652
850 652
850 653
851 653
851 653
851 652
851 653
851 653
850 652
850 652
909 738
909 738
910 738
847 657
848 656
849 656
847 655
848 657
848 655
849 654
847 656
846 654
847 654
847 656
849 655
847 656
847 655
845 654
850 653
849 655
849 654
848 656
848 657
848 655
848 657
847 654
847 656
847 656
847 656
847 656
847 656
847 656
847 656
846 657
848 656
847 656
847 656
847 656
848 655
849 656
849 658
848 658
848 658
846 654
847 656
847 655
847 656
846 657
846 655
846 657
848 656
848 656
846 656
846 655
848 656
847 656
846 655
848 655
849 656
849 655
844 690
844 689
845 689
844 689
844 689
844 690
844 689
828 666
919 735
920 737
919 735
919 735
919 735
830 673
831 673
830 673
830 673
833 675
833 675
914 748
915 748
914 748
915 748
914 748
923 760
923 761
923 757
923 758
923 761
924 756
922 761
922 760
922 761
922 761
922 761
923 758
922 761
922 761
924 760
921 758
921 758
923 759
922 759
921 760
924 757
923 760
923 759
923 757
921 759
921 760
923 758
923 760
922 761
923 761
923 760
922 759
924 760
924 761
923 761
926 764
926 761
922 758
923 757
924 761
921 760
922 761
922 761
923 761
923 761
923 761
922 761
922 761
922 761
922 761
922 761
923 760
923 758
922 761
923 756
921 757
924 760
921 757
924 756
922 759
921 759
923 759
924 760
924 761
921 757
924 761
922 761
922 760
923 760
923 760
922 760
921 758
922 759
922 761
921 759
922 761
922 761
923 761
922 759
922 760
923 757
922 758
923 758
923 758
923 760
922 758
921 761
921 760
925 760
923 763
923 761
926 763
921 761
921 760
924 756
923 757
924 764
923 760
924 756
922 758
923 759
923 757
922 761
923 759
924 760
911 736
911 736
911 736
900 733
831 670
829 671
830 670
830 670
831 670
831 670
830 671
831 670
831 670
830 670
831 670
830 671
830 671
831 670
831 670
831 670
831 670
831 670
829 670
830 670
830 670
831 670
831 670
831 670
831 670
831 670
831 670
831 670
831 670
830 670
830 670
830 670
831 670
831 670
831 670
831 670
831 670
831 670
831 670
831 670
829 670
831 670
831 670
830 671
831 670
831 670
831 670
831 670
831 670
831 670
831 670
830 669
830 670
830 670
831 670
831 670
831 670
830 670
830 670
831 670
831 670
831 670
831 669
830 670
831 670
831 670
830 670
831 670
831 670
831 670
830 670
831 670
830 670
831 670
831 670
831 670
831 670
830 670
830 670
838 679
841 679
841 679
839 679
841 678
840 679
841 678
839 679
840 680
839 679
840 679
841 679
840 678
839 678
840 679
841 678
841 678
839 677
840 679
840 679
839 678
841 678
839 677
840 678
839 678
841 678
840 679
840 680
839 679
840 679
840 679
842 680
841 677
840 677
841 679
841 678
841 678
839 679
840 679
839 679
839 679
840 678
839 677
839 679
840 679
840 677
840 680
839 678
840 678
842 679
839 677
838 678
839 678
841 678
841 680
842 679
839 677
841 678
838 678
840 678
841 678
839 679
839 678
839 678
838 679
840 679
839 678
914 747
914 747
914 747
835 672
836 671
835 671
836 671
835 671
835 671
835 671
835 671
835 671
836 672
836 672
861 716
860 715
861 715
861 716
861 715
861 715
922 754
921 754
922 753
922 753
922 753
923 754
921 754
922 754
906 736
833 674
833 674
832 674
833 674
832 674
833 674
832 674
832 675
833 674
832 674
833 674
833 674
832 674
832 667
902 742
902 743
902 743
902 742
828 666
829 667
829 667
828 666
829 666
839 671
838 670
838 670
839 670
839 671
838 670
838 670
924 764
841 691
841 691
881 689
910 743
910 742
910 743
910 744
909 743
910 742
911 742
910 742
910 743
910 743
910 743
910 743
910 743
878 731
878 730
879 730
878 730
877 730
877 730
878 730
838 678
839 678
839 678
898 730
838 678
838 678
838 678
839 678
839 678
839 677
838 678
838 677
839 678
838 678
898 730
898 730
899 731
900 731
899 730
898 730
898 730
898 731
898 731
898 731
898 731
898 731
837 684
907 739
907 740
907 739
906 739
865 721
865 722
865 722
899 738
899 737
899 737
899 738
899 738
899 738
899 738
899 737
899 738
899 738
899 738
899 738
899 738
900 738
899 738
899 737
889 732
825 657
826 658
825 658
826 658
825 658
826 658
825 658
825 657
826 658
825 659
825 658
825 658
825 658
826 658
825 658
825 658
825 658
825 659
826 658
925 759
925 759
926 759
837 679
837 679
899 730
899 730
829 669
837 683
837 683
838 683
906 742
840 691
823 659
823 659
824 659
900 735
900 735
900 735
899 735
900 735
907 735
905 742
894 733
896 733
894 733
896 733
894 733
895 733
894 733
894 733
894 733
893 733
895 733
894 733
895 733
921 756
921 756
850 694
830 661
867 666
867 667
838 684
838 684
913 746
873 649
874 649
873 650
905 736
905 736
905 736
831 672
831 672
905 739
904 739
904 739
925 761
908 742
898 731
850 666
849 665
849 665
851 668
850 666
849 665
849 666
850 666
850 667
850 666
851 665
850 666
901 735
901 735
900 735
901 735
837 662
922 744
902 733
837 677
837 678
837 678
837 677
837 677
837 678
837 678
837 677
838 678
862 623
869 644
898 735
898 735
898 735
924 747
924 747
922 747
924 747
922 746
922 747
923 747
923 747
922 747
922 747
922 747
923 747
922 747
906 736
893 734
893 734
892 734
892 734
893 735
892 735
892 735
893 734
891 735
901 741
902 741
902 741
901 741
901 741
902 740
902 741
902 741
902 742
902 742
901 741
902 741
901 740
901 741
902 741
902 742
915 744
848 671
847 671
847 670
848 670
847 670
847 671
867 642
871 643
902 733
903 734
884 698
858 675
858 675
857 675
858 675
911 743
911 743
911 743
911 743
911 743
911 742
817 645
817 645
817 645
837 673
837 673
837 673
901 736
914 736
913 736
913 736
914 736
838 660
838 660
838 660
838 660
838 660
838 660
838 660
839 659
898 730
898 731
897 730
897 730
898 730
898 730
834 664
834 664
834 664
834 664
834 664
834 664
834 664
833 664
857 663
901 735
900 734
899 734
900 735
899 734
886 733
886 733
885 733
886 733
885 733
886 733
886 733
886 733
886 733
886 733
919 730
920 729
920 729
919 729
919 730
920 730
884 696
885 696
884 696
885 697
885 696
921 753
921 752
921 753
921 753
921 753
921 753
921 752
901 736
837 667
838 667
837 667
837 668
837 668
836 667
837 668
837 668
837 668
837 667
911 738
910 737
842 685
822 617
910 737
909 737
910 737
909 737
896 735
897 735
896 735
901 736
901 736
901 737
901 736
900 737
900 737
845 656
846 655
846 656
894 735
893 735
908 743
908 742
908 743
907 742
908 742
907 742
900 737
907 738
907 739
908 739
908 739
907 738
907 739
907 739
921 745
921 745
814 641
834 639
923 745
824 656
824 656
897 735
897 735
897 735
897 735
898 735
897 735
897 735
897 735
842 654
842 654
841 654
912 740
911 740
912 740
844 645
845 646
844 645
844 645
923 737
924 737
935 736
1119 676
1132 633
1133 633
1132 633
1133 634
1133 633
1133 634
1133 633
1133 634
1132 633
1133 633
1103 645
1138 637
1138 635
1139 637
1138 636
1137 636
1137 635
1138 637
1139 636
1137 636
1139 638
1138 635
1139 638
1139 638
1139 636
1138 636
1137 636
1138 634
1138 637
1138 635
1137 635
1138 635
1138 636
1138 637
1139 637
1110 638
1108 637
1108 637
1126 634
1130 629
1130 630
1130 630
1130 630
1130 630
1130 630
1130 630
1130 630
1130 630
1130 630
1116 639
1138 631
1138 630
1138 630
1134 631
1133 632
1132 631
1134 632
1132 631
1132 631
1133 631
1133 631
1137 639
1138 642
1137 641
1136 640
1137 641
1139 637
1137 637
1136 638
1136 637
1074 646
1139 649
1139 649
1139 651
1137 650
1137 649
1138 651
1139 651
1138 650
1138 652
1137 651
1139 650
1139 650
1138 649
1137 651
1139 650
1137 650
1140 650
1139 649
1138 651
1137 649
1139 650
1138 651
1138 649
1138 652
1138 649
1138 652
1139 650
1139 651
1129 638
1129 638
1115 639
1132 653
1136 636
1136 635
1138 634
1135 635
1135 635
1137 634
1135 635
1135 635
1135 635
1136 635
1134 636
1136 636
1135 635
1135 636
1135 635
1136 636
1134 636
1135 635
1135 635
1136 635
1136 636
1134 634
1136 635
1136 636
1135 635
1137 634
1136 634
1135 634
1135 636
1135 632
1134 634
1136 635
1135 635
1136 636
1136 636
1136 635
1135 634
1135 635
1135 635
1135 634
1135 635
1135 635
1135 635
1135 635
1135 635
1135 635
1136 635
1135 635
1135 635
1135 635
1135 635
1135 635
1136 635
1136 635
1135 635
1135 636
1136 636
1135 635
1135 636
1136 634
1136 636
1134 634
1135 636
1135 635
1136 636
1135 635
1116 637
1084 679
1084 679
1134 635
1107 636
1141 642
1135 636
1136 637
1137 637
1135 636
1135 636
1134 630
1126 623
1126 623
1128 636
1128 636
1141 649
1134 632
1136 628
1136 628
1135 627
1133 620
1134 620
1133 620
1133 620
1134 621
1133 620
1133 620
1133 621
1134 621
1133 619
1134 620
1138 629
1140 653
1120 631
1115 638
1115 638
1115 637
1136 635
1136 635
1094 639
1095 639
1093 638
1131 634
1131 634
1119 630
1073 646
1072 647
1072 646
1072 647
1073 646
1072 646
1072 646
1139 623
1139 622
1139 623
1140 623
1139 622
1140 623
1139 623
1136 637
1137 637
1136 637
1137 637
1136 637
1136 637
1137 637
1136 639
1134 638
1135 638
1136 638
1135 638
1136 639
1135 638
1136 638
1124 634
1126 635
1135 623
1118 637
1133 630
1133 630
1133 630
1132 635
1133 635
1133 635
1133 636
1132 635
1133 635
1132 635
1133 635
1133 636
1132 635
1133 636
1132 635
1134 637
1133 638
1135 638
1136 638
1137 638
1132 638
1137 638
1133 638
1132 638
1133 639
1133 637
1133 637
1133 637
1133 638
1135 637
1135 638
1137 638
1135 637
1132 638
1134 637
1134 637
1137 638
1137 638
1137 638
1133 627
1133 627
1132 627
1132 627
1132 627
1133 627
1133 627
1132 627
1133 627
1132 627
1132 631
1132 631
1133 623
1133 623
1133 622
1133 622
1085 658
1138 646
1137 646
1139 639
1138 639
1138 638
1139 639
1139 660
1141 661
1140 662
1141 660
1086 639
1103 621
1103 622
1103 622
1103 621
1132 631
1132 631
1135 632
1135 632
1136 632
1136 632
1135 633
1136 632
1110 637
1111 636
1134 631
1133 632
1134 631
1135 631
1133 632
1134 632
1135 632
1134 632
1134 633
1134 632
1133 634
1132 634
1132 634
1132 634
1133 634
1136 621
1136 621
1121 632
1133 648
1133 648
1696 597
1698 597
1697 607
1696 607
1694 600
1705 602
1683 611
1686 604
1684 605
1685 611
1700 594
1689 609
1688 609
1696 599
1700 599
1697 595
1682 612
1682 611
1710 605
1709 606
1694 605
1699 598
1699 598
1699 598
1700 607
1701 598
1701 598
1692 608
1692 608
1688 606
1711 605
1684 609
1684 603
1694 607
1709 606
1686 602
1698 599
1688 605
1695 606
1696 605
1686 609
1686 610
1704 607
1693 607
1696 600
1684 607
1683 611
1699 600
1691 607
1697 596
1701 597
1689 604
1695 601
1684 611
1684 610
1684 611
1684 611
1684 611
1706 598
1691 608
1692 597
1693 607
1690 608
1689 608
1690 608
1709 603
1702 597
1692 602
1708 606
1691 601
1698 598
1698 600
1698 598
1687 610
1687 609
1699 600
1686 609
1699 596
1699 595
1694 605
1623 650
1623 650
1623 650
1622 650
1622 649
1623 650
1622 650
1623 650
1623 650
1622 649
1623 650
1624 650
1623 649
1624 651
1622 650
1624 650
1623 650
1623 649
1623 650
1623 650
1623 650
1623 650
1623 650
1623 650
1623 650
1623 650
1623 649
1623 650
1623 650
1623 650
1622 650
1622 650
1623 650
1622 650
1622 649
1622 649
1621 649
1623 650
1623 650
1623 650
1623 650
1623 650
1623 650
1623 650
1623 650
1623 650
1623 650
1623 649
1622 649
1622 649
1623 650
1623 650
1622 650
1622 649
1623 650
1622 650
1622 649
1622 650
1623 649
1623 650
1622 649
1623 650
1623 650
1623 650
1622 649
1649 645
1649 645
1646 634
1656 656
1645 636
1647 636
1645 637
1646 636
1645 636
1645 637
1656 653
1656 653
1649 634
1649 633
1647 635
1649 634
1547 834
1547 834
1546 834
1545 834
1547 804
1568 883
1568 883
1568 883
1568 883
1548 837
1522 847
1569 875
1569 875
1568 875
1567 875
1569 875
1569 876
1568 876
1569 876
1569 874
1567 875
1569 875
1569 875
1539 876
1568 873
1569 872
1526 856
1528 856
1525 856
1526 856
1530 847
1530 847
1530 847
1532 872
1548 834
1548 835
1548 834
1544 840
1523 846
1523 847
1523 846
1523 847
1522 847
1523 847
1524 846
1523 846
1541 836
1560 840
1566 881
1566 887
1566 887
1566 887
1567 877
1566 877
1567 880
1567 881
1552 825
1553 824
1553 823
1569 876
1570 874
1568 874
1459 803
1460 803
1460 803
1460 803
1458 803
1459 803
1564 886
1455 800
1540 874
1540 874
1546 799
1567 879
1569 879
1569 880
1569 880
1538 871
1541 872
1540 872
1562 856
1456 802
1569 880
1569 880
1568 880
1538 872
1538 872
1538 870
1538 872
1455 802
1569 880
1566 886
1568 880
1530 816
1529 816
1529 817
1529 816
1529 816
1529 815
1530 816
1530 816
1530 816
1529 816
1446 803
1569 882
1547 832
1566 884
1568 882
1568 881
1561 844
1543 806
1544 805
1541 805
1544 807
1545 805
1544 805
1547 805
1547 805
1542 801
1542 802
1546 805
1541 807
1545 804
1543 806
1544 807
1543 806
1541 805
1542 805
1543 805
1544 804
1544 809
1544 805
1542 809
1542 804
1544 805
1545 803
1542 805
1542 804
1544 806
1545 805
1566 860
1569 866
1569 865
1569 866
1539 908
1545 840
1537 829
1547 832
1569 867
1543 847
1567 869
1567 871
1568 872
1570 871
1536 844
1536 844
1536 844
1537 846
1537 846
1536 846
1528 843
1523 848
1523 848
1522 848
1567 879
1567 879
1540 831
1546 834
1547 835
1547 835
1541 883
1567 878
1454 803
1560 845
1559 845
1558 842
1568 886
1563 887
1565 888
1565 888
1564 886
1568 886
1568 886
1565 886
1568 885
1566 888
1565 887
1565 888
1568 884
1569 886
1568 886
1569 886
1569 886
1568 886
1569 883
1569 886
1565 884
1568 884
1565 886
1565 889
1564 888
1564 888
1568 886
1568 886
1568 886
1565 888
1568 885
1567 887
1566 888
1565 885
1565 890
1568 886
1565 888
1566 883
1566 887
1564 889
1565 887
1565 886
1565 882
1564 882
1542 831
1540 879
1539 878
1540 880
1540 878
1539 876
1540 879
1539 876
1539 877
1541 878
1541 879
1539 878
1540 879
1444 804
1524 842
1524 842
1528 816
1568 883
1568 884
1568 884
1533 825
1533 825
1533 825
1544 836
1544 836
1544 836
1556 857
1524 845
1548 830
1541 807
1541 807
1540 807
1540 807
1541 810
1545 837
1545 837
1546 839
1545 840
1547 836
1546 837
1547 838
1546 838
1546 837
1547 836
1545 836
1547 836
1550 835
1546 840
1545 837
1545 840
1545 837
1548 838
1547 836
1545 837
1548 838
1547 836
1547 838
1550 835
1546 839
1545 837
1545 838
1545 839
1545 838
1545 838
1550 836
1547 836
1546 837
1547 836
1547 836
1553 823
1549 834
1549 834
1560 845
1569 867
1569 867
1570 867
1569 867
1569 867
1569 867
1569 867
1550 818
1549 818
1524 844
1523 845
1468 805
1472 807
1567 876
1566 882
1565 882
1566 882
1445 801
1445 801
1565 888
1524 849
1524 849
1566 879
1567 880
1566 880
1568 878
1569 877
1569 878
1547 806
1547 807
1533 864
1533 864
1553 826
1524 841
1564 858
1466 805
1567 869
1524 846
1524 850
1548 831
1548 832
1549 832
1463 804
1527 858
1526 858
1527 857
1528 859
1528 858
1527 860
1527 859
1527 860
1528 858
1527 859
1527 859
1528 857
1527 858
1527 857
1545 855
1523 848
1569 886
1526 837
1548 812
1548 842
1525 849
1525 850
1523 850
1524 848
1525 849
1525 850
1525 850
1523 850
1525 848
1549 813
1566 860
1567 861
1526 843
1566 879
1565 879
1497 802
1497 802
1497 802
1497 800
1496 802
1496 802
1497 801
1526 845
1527 847
1526 845
1527 847
1528 845
1528 847
1529 845
1527 847
1526 846
1530 844
1527 847
1525 845
1528 846
1527 845
1527 848
1527 847
1527 847
1530 845
1527 847
1528 847
1528 847
1529 845
1527 845
1526 845
1525 845
1527 847
1527 847
1523 843
1537 829
1538 830
1565 881
1532 848
1529 863
1563 852
1563 852
1564 854
1559 842
1567 870
1567 870
1567 870
1530 843
1559 845
1567 869
1569 869
1569 870
1570 869
1570 869
1565 881
1564 880
1564 880
1537 832
1547 835
1548 835
1547 835
1548 835
1547 835
1548 835
1547 835
1549 834
1544 799
1489 737
1497 781
1498 781
1497 737
1495 736
1496 736
1497 735
1496 737
1496 737
1496 736
1497 737
1496 737
1496 737
1496 738
1496 738
1496 736
1497 736
1496 736
1511 739
1510 739
1512 739
1494 742
1494 742
1493 740
1494 742
1495 742
1496 741
1494 742
1495 742
1494 739
1494 740
1495 741
1494 742
1495 741
1494 742
1495 739
1495 739
1494 742
1495 742
1493 745
1495 741
1495 741
1495 741
1492 743
1495 738
1496 741
1494 741
1494 740
1494 739
1494 742
1494 742
1495 741
1495 739
1495 741
1494 742
1494 741
1495 740
1495 742
1494 742
1495 742
1494 742
1493 740
1495 739
1495 742
1495 741
1494 741
1494 740
1535 748
1535 747
1491 741
1495 741
1501 737
1501 737
1493 733
1484 764
1510 733
1501 745
1501 745
1501 746
1498 734
1499 735
1499 735
1498 735
1502 737
1503 737
1488 738
1499 731
1496 742
1496 742
1488 743
1488 743
1520 764
1499 738
1499 739
1499 739
1499 739
1500 738
1498 738
1498 738
1499 739
1498 738
1499 739
1495 739
1496 739
1495 739
1534 746
1534 747
1534 747
1493 747
1493 747
1534 748
1504 733
1488 740
1488 740
1493 730
1491 738
1491 738
1491 737
1490 738
1490 737
1491 738
1500 738
1501 738
1501 739
1501 739
1500 740
1499 740
1500 741
1500 744
1500 744
1503 741
1507 759
1506 759
1507 758
1506 758
1510 746
1494 738
1493 739
1490 739
1493 738
1491 740
1494 739
1493 737
1494 738
1491 738
1497 748
1498 748
1488 749
1488 749
1498 739
1497 739
1491 748
1491 749
1491 749
1496 738
1494 737
1494 738
1494 737
1496 738
1495 737
1550 774
1554 774
1551 774
1549 774
1551 774
1550 772
1552 773
1551 774
1552 774
1493 740
1496 739
1493 740
1501 740
1501 740
1539 766
1497 747
1499 742
1499 741
1499 741
1498 737
1498 737
1498 737
1498 736
1510 784
1497 741
1513 795
1530 788
1492 736
1491 736
211 965
210 965
211 965
210 965
208 960
261 995
261 995
260 995
211 966
212 966
212 966
212 966
212 967
209 966
212 967
212 966
214 967
212 967
212 966
213 967
212 967
213 967
215 967
213 966
212 967
211 966
212 967
212 967
211 966
213 967
212 967
212 967
212 967
212 967
213 965
212 967
212 967
212 966
236 974
236 974
214 965
244 996
248 993
208 966
208 966
236 977
236 976
247 991
232 974
232 974
185 955
236 974
209 964
209 963
238 975
214 965
209 965
209 965
1335 600
1332 594
1333 594
1333 594
1334 599
1334 599
1334 599
1387 602
1354 585
1367 593
1368 594
1367 594
1368 593
1368 594
1368 593
1366 595
1331 601
1368 600
1294 608
1295 608
1386 602
1387 602
1387 602
1332 601
1331 602
1330 602
1333 602
1332 601
1333 601
1383 585
1385 585
1383 585
1324 585
1370 600
1332 600
1331 600
1369 593
1339 568
1284 585
1286 586
1331 600
1356 586
1356 586
1331 602
1330 601
1330 602
1331 601
939 565
938 565
937 565
936 564
940 566
938 565
939 565
938 565
939 566
938 565
936 564
937 565
939 566
939 565
938 565
938 564
939 565
939 565
939 565
938 565
937 565
929 492
929 491
929 491
929 491
929 491
937 564
938 564
972 567
929 491
1012 567
971 564
925 515
936 565
936 565
936 565
925 509
933 565
1005 578
1004 578
1004 578
927 491
933 481
969 584
969 584
1432 595
1425 591
1427 591
1431 592
1432 593
1428 598
1427 598
1427 598
1425 597
1427 598
1425 598
1427 598
1434 590
1429 591
1429 591
1428 594
1428 594
1428 594
1425 597
1417 589
1432 595
1429 595
1429 595
1429 595
1414 622
1415 621
1429 599
1429 600
1431 599
1429 600
1434 609
1434 609
1434 597
1432 591
1432 590
1432 590
1432 591
1436 598
1435 599
1439 601
1439 601
1410 671
1429 596
1425 592
1427 627
1427 628
1427 627
1438 596
1438 596
1437 595
1437 595
1438 596
1438 596
1438 596
1438 596
1438 596
1438 596
1437 595
1437 596
1437 594
1437 595
1438 596
1438 596
1437 594
1437 594
1438 596
1438 596
1438 596
1438 597
1438 597
1438 596
1434 594
1438 596
1436 595
1437 595
1436 597
1435 595
1437 597
1438 596
1438 596
1437 594
1435 595
1438 596
1438 596
1433 594
1436 597
1439 598
1438 599
1435 596
1436 596
1436 594
1438 596
1437 595
1438 596
1438 596
1438 596
1438 596
1437 595
1438 596
1438 596
1438 596
1438 596
1438 596
1438 596
1438 596
1436 595
1438 596
1438 596
1437 595
1438 596
1438 596
1437 595
1437 599
1437 594
1437 595
1435 595
1437 595
1437 595
1437 596
1438 596
1438 596
1438 596
1437 595
1438 596
1437 595
1438 595
1438 596
1438 596
1437 595
1438 595
1437 596
1435 594
1438 596
1438 596
1438 598
1438 596
1436 595
1437 594
1438 598
1438 596
1438 596
1438 596
1437 595
1437 595
1437 595
1437 595
1437 595
1437 595
1438 596
1437 595
1437 596
1438 596
1437 596
1437 595
1438 596
1437 595
1438 596
1438 596
1438 596
1437 596
1438 596
1438 596
1438 596
1437 595
1438 596
1438 596
1437 594
1436 595
1436 594
1437 595
1438 596
1437 596
1438 596
1438 596
1437 595
1438 596
1437 595
1438 596
1437 595
1437 595
1436 597
1432 598
1433 598
1436 600
1426 590
1418 596
1415 632
1415 632
1434 591
1434 591
1419 595
1433 594
1431 597
1432 597
1431 597
1427 592
1396 652
1421 646
1425 594
1425 594
1431 594
1432 594
1432 596
1432 596
1432 596
1432 596
1436 593
1437 593
1437 594
1436 593
1437 593
1436 593
1437 593
1437 593
1436 593
1436 599
1435 596
1428 587
1428 590
1434 603
1434 603
1425 596
1426 596
1426 596
1430 597
1430 597
1430 596
1435 592
1430 595
1430 595
1434 593
1435 593
1434 592
1434 592
1394 653
1431 588
1432 587
1432 587
1432 587
1432 587
1430 588
1429 594
1434 591
1435 591
1435 591
1434 590
1433 598
1433 598
1433 597
1429 593
1428 593
1429 592
1438 602
1437 602
1437 602
1423 591
1431 595
1430 603
1428 602
1430 591
1434 597
1433 588
1433 590
1434 589
1433 589
1434 589
1425 591
1429 591
1430 591
1429 591
1432 589
1433 591
1436 594
1436 594
1432 601
1432 601
1431 597
1431 597
1431 596
1431 597
1431 597
1434 597
1413 587
1436 603
1427 588
1427 587
1434 596
1387 604
1388 604
1435 593
1432 593
1432 593
1431 589
1431 590
1431 589
1429 598
1429 598
1428 598
1427 598
1428 599
1428 599
1427 598
1429 598
1428 598
1429 598
1429 598
1433 603
1433 603
1434 593
1435 594
1434 593
1435 594
1415 621
1415 621
1434 591
1433 592
1434 592
1435 591
1435 592
1435 592
1398 656
1432 597
1432 597
1436 599
1436 599
1435 596
1435 596
1432 597
1434 601
1434 601
1434 601
1433 601
1434 601
1426 599
1426 599
1431 592
1430 592
1435 600
1434 600
1434 594
1434 594
1434 594
1434 594
1403 620
1402 616
1404 617
1403 617
1402 616
1403 617
1412 605
1412 606
1428 601
1428 601
1435 596
1435 596
1434 595
1414 590
1414 589
1414 589
1431 593
1431 593
1429 600
1429 600
1413 586
1434 594
1430 593
1429 594
1430 593
1431 593
1430 593
1431 593
1430 593
1431 593
1429 594
1431 593
1433 595
1428 602
1428 603
1436 593
1436 593
1436 593
1425 594
1425 594
1425 594
1439 602
1438 601
1403 634
1402 634
1403 634
1401 634
1425 596
1425 596
1427 595
1426 596
1429 596
1428 594
1435 602
1435 602
1432 590
1432 590
1432 590
1432 597
1428 598
1428 598
1433 588
1426 592
1433 597
1433 597
1433 598
1433 597
1432 597
1429 597
1429 597
1429 596
1429 597
1433 591
1433 598
1436 593
1437 592
1436 592
1430 598
1431 598
1431 598
1423 588
1472 629
1482 605
1460 634
1460 634
1480 642
1464 635
1457 651
1457 645
1458 645
1457 645
1457 645
1456 645
1457 645
1457 645
1460 637
1464 631
1463 631
1462 631
1464 631
1465 630
1462 631
1463 631
1464 631
1463 631
1464 630
1470 660
1470 660
1468 644
1468 644
1467 644
1442 604
1440 603
1461 633
1466 599
1466 599
1467 599
1466 599
1467 600
1467 599
1468 601
1439 666
1437 667
1439 666
1438 666
1440 666
1440 666
1466 631
1466 631
1465 631
1466 631
1484 652
1481 610
1483 610
1483 610
1481 610
1481 611
1481 609
1482 610
1479 611
1480 611
1465 639
1481 610
1481 610
1481 610
1474 621
1469 601
1465 598
1470 633
1463 637
1463 637
1465 637
1463 637
1464 637
1463 637
1441 603
1463 633
1464 632
1465 630
1466 632
1463 634
1466 631
1463 634
1465 636
1463 634
1461 635
1463 634
1464 632
1465 634
1465 633
1465 632
1462 632
1465 632
1464 633
1461 634
1466 634
1464 636
1462 633
1463 634
1462 633
1463 633
1463 632
1465 632
1464 632
1464 632
1465 631
1463 634
1463 634
1461 632
1464 634
1465 636
1462 634
1464 631
1462 632
1464 622
1451 622
1452 623
1467 633
1461 616
1472 620
1459 641
1443 604
1443 604
1443 604
1451 600
1463 599
1463 599
1464 600
1463 601
1463 599
1477 626
1476 627
1440 602
1469 660
1477 632
1442 666
1466 629
1466 629
1466 629
1462 599
1460 635
1461 606
1446 602
1462 599
1441 603
1468 649
1462 601
1462 601
1462 599
1462 601
1462 599
1441 604
1442 640
1442 640
1448 604
1440 654
1450 622
1450 622
1450 622
1450 622
1463 629
1461 630
1203 641
1288 658
1207 666
1258 665
1313 646
1305 649
1304 649
1305 649
1305 648
1315 650
1316 650
1314 649
1282 645
1315 648
1312 650
1313 650
1313 651
1313 650
1313 650
1313 651
1314 649
1315 650
1315 649
1314 649
1315 651
1315 650
1314 650
1315 650
1314 649
1315 650
1314 676
1316 648
1313 648
1313 649
1314 648
1295 648
1296 647
1270 671
1270 672
1270 671
1270 672
1266 671
1267 672
1270 671
1268 671
1270 672
1266 671
1270 672
1267 672
1268 672
1459 685
1492 646
1491 648
1490 648
1441 690
1485 663
1492 662
1490 647
1440 687
1473 662
1473 662
1492 666
1491 666
1492 665
1492 665
1492 665
1492 665
1491 665
1493 666
1491 666
1492 666
1493 665
1494 666
1492 665
1472 664
1470 661
1472 662
1474 661
1470 661
1473 662
1473 661
1474 661
1470 661
1474 661
1471 663
1473 661
1472 662
1472 661
1469 663
1474 662
1475 663
1471 662
1474 662
1472 661
1473 661
1474 661
1474 661
1493 646
1447 671
1447 670
1420 683
1419 683
1473 660
1495 671
1489 649
1497 666
1353 787
1353 787
1377 804
1377 803
1378 803
1378 802
1379 803
1376 802
1378 802
1379 804
1377 802
1377 802
1378 803
1332 764
1332 765
1395 802
1380 801
1380 806
1393 811
1395 812
1383 817
1392 810
1361 807
1360 807
1340 807
1340 807
1394 802
1395 803
1395 803
1395 812
1394 810
1394 810
1360 765
1360 764
1394 811
1395 811
1395 811
1395 811
1395 811
1395 811
1350 764
1331 766
1331 766
1331 766
1329 766
1399 804
1400 805
1382 813
1729 592
1720 585
1701 587
1726 582
1725 587
1725 586
1713 590
1723 585
1725 587
1725 587
1730 583
1723 584
1727 588
1726 588
1727 588
1727 588
1726 588
1727 588
1727 588
1726 588
1727 588
1726 588
1727 588
1727 588
1727 588
1727 588
1727 588
1727 588
1727 588
1727 588
1727 588
1727 588
1727 588
1727 588
1727 588
1727 588
1727 588
1727 587
1726 588
1727 588
1727 588
1727 588
1726 588
1727 588
1727 588
1727 588
1727 588
1727 588
1727 587
1727 588
1725 588
1726 587
1727 593
1726 588
1726 588
1726 588
1726 588
1726 588
1724 585
1724 585
1726 587
1726 587
1726 587
1727 587
1726 587
1726 587
1726 587
1726 587
1726 587
1725 591
1722 583
1725 588
1700 591
1731 590
1722 586
1728 600
1725 589
1728 587
1702 593
1735 602
1721 589
1720 589
1730 590
1730 591
1690 585
1715 585
1715 584
1724 586
1724 586
1701 593
1731 585
1718 588
1717 588
1717 588
1733 592
1737 601
1726 586
1727 587
1721 591
1727 586
1725 581
1727 589
1721 589
1724 589
1730 579
1725 588
1725 588
1725 588
1724 588
1724 588
1724 588
1726 582
1722 595
1728 600
1700 588
1725 591
1729 584
1729 584
1690 586
1723 593
1728 590
1728 589
1726 585
1726 585
1728 587
1730 585
1728 586
1722 598
1725 592
1726 587
1726 587
1727 587
1719 589
1700 592
1726 592
1720 588
1726 596
1724 588
1725 587
1722 588
1723 589
1725 589
1717 589
1698 592
1721 584
1724 590
1729 591
1726 586
1726 585
1725 586
1726 585
1714 589
1714 589
1714 589
1638 639
1635 640
1623 654
1625 651
1632 648
1631 648
1631 648
1632 649
1631 648
1632 648
1630 642
1630 643
1630 643
1630 643
1630 643
1628 641
1631 643
1629 645
1630 641
1633 641
1631 643
1630 643
1629 641
1630 642
1632 641
1628 641
1630 641
1630 641
1635 638
1635 639
1635 638
1635 639
1621 649
1622 648
1621 649
1622 648
1622 648
1621 648
1628 649
1628 649
1628 648
1628 648
1628 649
1624 646
1632 661
1631 641
1622 649
1622 648
1624 644
1625 652
1625 652
1624 648
1624 648
1624 648
1625 644
1625 644
1626 645
1627 644
1626 644
1626 644
1618 646
1625 651
1629 653
1629 653
1629 653
1640 652
1631 649
1631 649
1624 641
1627 644
1626 643
1627 643
1627 644
1626 643
1625 651
1623 653
1616 641
1616 641
1616 640
1617 640
1619 646
1620 645
1620 646
1620 645
1620 645
1620 645
1619 645
1619 646
1619 646
1619 646
1620 646
1629 647
1618 645
1619 645
1619 644
1619 645
1619 644
1630 646
1630 645
1630 644
1630 646
1625 648
1625 648
1628 646
1628 645
1628 645
1624 649
1624 649
1622 655
1624 656
1623 648
1626 649
1626 650
1627 650
1626 650
1626 646
1626 646
1626 647
1633 642
1620 641
1642 637
1642 637
1632 641
1656 660
1622 645
1627 640
1627 641
1627 641
1624 652
1633 640
1631 639
1628 641
1621 647
1620 648
1630 656
1630 656
1621 646
1620 646
1620 646
1621 647
1620 646
1621 647
1621 647
1620 647
1621 647
1648 659
1631 647
1631 647
1622 646
1623 646
1623 647
1624 647
1623 648
1624 648
1622 646
1623 648
1623 647
1623 648
1630 640
1630 640
1630 641
1630 641
1630 641
1630 641
1631 641
1627 651
1625 655
1625 655
1625 655
1625 655
1625 655
1624 655
1623 637
1622 647
1622 647
1741 556
1767 543
1767 543
1767 543
1737 567
1747 560
1744 561
1733 574
1740 564
1741 564
1741 564
1740 563
1738 567
1740 565
1739 565
1746 559
1746 559
1752 548
1475 577
1515 589
1515 589
1507 589
1506 589
1505 589
1505 590
1505 589
1506 590
1505 590
1505 589
1506 589
1506 589
1513 581
1513 581
1515 582
1481 589
1515 585
1505 571
1515 584
1515 584
1514 584
1514 584
1515 584
1514 584
1505 584
1505 584
1475 580
1474 579
1510 588
1522 582
1522 582
1515 588
1513 588
1513 588
1516 588
1514 588
1517 588
1512 590
1519 588
1518 588
1518 588
1518 588
1473 577
1492 580
1493 581
1519 586
1513 586
1512 585
1512 586
1506 580
1505 576
1506 576
1507 576
1489 540
1508 577
1508 577
1462 575
1462 575
1462 575
1473 577
1473 577
1472 577
1474 578
1475 578
1474 578
1473 578
1470 577
1473 576
1471 577
1474 578
1474 578
1474 578
1473 577
1470 578
1470 578
1471 578
1520 586
1520 587
1464 580
1465 580
1465 579
1465 579
1503 583
1505 583
1495 589
1494 589
1472 589
1473 589
1472 589
1472 589
1514 580
1514 580
1490 581
1492 580
1512 587
1517 585
1442 512
1441 512
1527 578
1497 562
1508 583
1488 565
1463 573
1508 585
1462 597
1510 586
1511 586
1509 585
1510 585
1510 585
1510 585
1510 585
1515 586
1494 581
1494 581
1494 581
1494 582
1512 584
1514 579
1510 588
1510 587
1473 590
1514 588
1516 580
1516 582
1516 583
1516 581
1516 583
1515 582
1516 582
1474 574
1473 574
1520 585
1520 584
1515 585
1515 584
1516 585
1515 585
1519 583
1515 586
1515 585
1515 585
1514 585
1513 585
1514 586
1458 593
1519 583
1518 584
1458 594
1514 590
1517 583
1517 584
1515 584
1515 584
1516 583
1517 584
1518 582
1511 584
1518 585
1518 585
1512 582
1512 584
1512 588
1511 588
1512 588
1509 582
1509 585
1515 592
1471 578
1338 564
1338 536
1340 545
1340 537
1340 537
1339 538
1340 536
1339 543
1339 543
1340 543
1339 542
1340 543
1338 539
1337 538
1329 537
1339 544
1339 544
1339 545
1337 537
1335 543
1333 543
1339 538
1338 536
1339 537
1338 536
1338 536
1345 543
1360 508
1359 508
1341 543
1340 544
1341 543
1336 542
1336 543
1337 543
1338 542
1338 542
1338 542
1319 564
1339 553
1342 535
1337 540
1346 545
1337 541
1340 545
1339 546
1339 546
1339 545
1342 537
1344 539
1327 555
1327 555
1336 538
1296 550
1335 539
1339 540
1339 540
1340 539
1339 540
1340 540
1338 539
1340 540
1339 541
1340 541
1339 540
1339 542
1339 541
1339 540
1339 541
1339 540
1339 540
1339 540
1339 541
1340 540
1335 541
1335 542
1278 507
1340 556
1336 540
1336 540
1335 540
1336 539
1351 548
1339 542
1353 558
1353 558
1353 557
1334 536
1342 545
1341 540
1341 540
1343 542
1337 545
1337 545
1342 539
1341 539
1324 530
1337 541
1342 541
1340 542
1342 541
1341 541
1341 541
1342 541
1338 541
1338 541
1344 540
1341 541
1342 541
1347 539
1347 539
1347 539
1352 495
1323 530
1335 541
1343 542
1344 539
1368 557
1345 541
1345 541
1345 541
1345 541
1387 655
1322 648
1340 690
1339 690
1390 655
1404 678
1387 654
1386 654
1387 655
1386 654
1391 654
1390 654
1355 649
1356 649
1389 654
1383 652
1389 655
1389 657
1317 644
1389 652
1390 652
1390 652
1319 647
1320 647
1320 647
1358 656
1392 653
1318 682
1317 683
1318 682
1315 644
1317 644
1318 644
1316 650
1314 643
1316 647
1316 650
1316 647
1316 647
1315 644
1316 649
1316 647
1316 647
1389 656
1389 655
1390 655
1319 649
1320 649
1319 649
1318 642
1388 655
1389 654
1339 683
1317 645
1384 652
1384 652
1390 654
1350 662
1351 663
1351 663
1340 683
1390 655
1339 681
1339 681
1339 682
1338 682
1340 681
1339 681
1339 681
1339 681
1312 634
1393 655
1393 655
1391 655
1390 653
1393 655
1392 654
1393 655
1390 657
1388 652
1313 634
1391 657
1391 658
1391 655
1392 655
1385 652
1385 652
1388 655
1391 654
1388 656
1388 656
1358 670
1390 655
1385 656
1416 803
1416 803
1391 768
1395 769
1395 768
1407 786
1408 786
1408 786
1394 767
1392 768
1394 768
1394 766
1399 721
1405 731
1394 769
1394 769
1394 767
1394 767
1397 721
1391 723
1419 733
1418 733
1072 526
1072 526
1072 526
1072 526
1025 495
1012 511
1012 511
1012 511
972 482
977 507
977 507
977 507
977 506
978 506
1581 714
1591 707
1591 707
1590 707
1526 711
1526 709
1527 709
1526 709
1527 711
1526 709
1527 710
1523 716
1580 701
1580 701
1580 701
1580 701
1591 706
1591 706
1592 706
1592 706
1593 706
1591 706
1592 705
1586 703
1587 704
1556 716
1556 716
1558 715
1557 719
1557 717
1554 718
1557 719
1559 718
1556 718
1557 714
1557 719
1555 716
1556 719
1555 718
1556 718
1555 718
1557 716
1556 716
1557 719
1556 716
1557 717
1556 716
1557 714
1558 714
1556 717
1556 716
1557 718
1559 716
1556 718
1556 717
1557 716
1557 719
1554 718
1558 714
1555 716
1597 708
1560 713
1560 713
1559 713
1558 713
1558 713
1555 711
1555 711
1590 702
1589 702
1588 703
1589 704
1589 703
1589 704
1589 703
1589 704
1636 697
1590 719
1589 719
1589 719
1589 719
1527 712
1595 708
1607 713
1607 713
1574 701
1574 700
1573 700
1573 700
1574 700
1573 700
1574 700
1575 700
1574 700
1617 710
1617 709
1548 707
1548 706
1571 703
1571 702
1572 701
1570 702
1592 708
1556 713
1556 712
1617 725
1569 700
1569 700
1597 706
1558 720
1559 718
1559 718
1561 720
1556 709
1556 709
1591 705
1591 705
1622 718
1556 715
1597 739
1556 719
1595 704
1596 704
1595 705
1595 705
1594 705
1596 706
1596 703
1592 704
1594 706
1595 704
1594 705
1595 706
1595 705
1595 705
1594 705
1594 704
1594 705
1595 704
1612 694
1609 703
1563 708
1556 706
1596 702
1607 734
1608 734
1608 733
1609 734
1606 707
1567 700
1566 701
1565 700
1566 699
1565 701
1565 700
1566 701
1566 700
1208 508
1208 508
1208 508
1208 507
1277 506
1277 506
1277 506
1276 506
1277 507
1278 507
1273 488
1273 488
1273 488
1199 482
1292 609
1293 609
1268 604
1283 604
1238 617
1280 617
1279 615
1208 610
1289 607
1289 608
1289 608
1292 608
1288 608
1291 607
1290 607
1291 606
1289 607
1290 607
1290 608
1289 608
1291 607
1290 607
1289 607
1291 608
1293 607
1291 609
1158 596
1264 615
1720 577
1719 572
1730 572
1729 576
1705 577
1706 577
1720 577
1719 580
1720 581
1720 581
1732 575
1730 572
1718 568
1667 640
1668 641
1668 642
1668 642
1668 642
1668 642
1668 642
1666 618
1659 634
1663 627
1664 619
1665 619
1665 619
1656 631
1658 631
1658 631
1658 632
1658 632
1658 631
1658 633
1673 614
1673 615
1676 612
1666 624
1666 624
1659 630
1667 614
1667 614
1669 622
1669 616
1674 615
1676 615
1670 620
1670 620
1676 614
1660 632
1669 616
1672 633
1676 615
1676 615
1666 622
1671 626
1671 625
1670 626
1667 618
1673 613
1675 614
1658 632
1664 626
1664 626
1664 640
1662 637
1674 615
1664 621
1675 612
1675 616
1675 617
1672 628
1675 617
1675 617
1664 626
1671 619
1675 615
1670 616
1669 616
1670 624
1667 642
1670 624
1660 632
1660 632
1672 623
1664 640
1662 633
1673 623
1670 617
1668 622
1668 622
1657 640
1659 636
1672 615
1659 631
1668 615
1667 615
1660 631
1660 631
1662 630
1668 621
1673 617
1673 617
1673 617
1675 616
1673 615
1675 625
1675 625
1676 612
1674 614
1674 613
1674 613
1674 613
1662 625
1650 635
1656 618
1668 620
1665 624
1664 624
1664 624
1673 611
1666 615
1674 624
1674 612
1660 648
1659 630
1667 613
1666 614
1667 614
1667 614
1670 615
1675 627
1675 616
1669 617
1675 624
1675 624
1658 635
1665 642
1665 642
1667 621
1667 621
1671 622
1671 617
1668 620
1669 617
1672 630
1665 627
1670 618
1672 615
1657 640
1667 619
1671 614
1671 614
1671 613
1672 613
1670 615
1675 616
1670 618
1675 612
1660 629
1671 620
1671 620
1670 620
1670 620
1670 620
1673 612
1664 627
1106 718
1107 718
1107 717
1108 718
1108 718
1107 717
1105 719
1106 719
1106 716
1107 718
1108 718
1107 719
1106 718
1106 718
1108 718
1107 717
1106 719
1108 718
1106 716
1105 717
1108 719
1107 718
1107 717
1105 717
1105 718
1105 718
1107 717
1107 717
1108 718
1108 719
1108 714
1082 689
1080 688
1079 689
1079 688
1104 768
1104 768
1103 769
1112 704
1105 724
1105 716
1143 749
1117 708
1118 707
1118 708
1118 708
1118 708
1117 708
963 702
877 645
877 645
877 646
877 645
877 645
880 643
946 615
894 639
878 650
961 702
959 702
960 701
959 701
960 702
959 701
959 702
958 702
961 700
958 701
958 703
959 701
959 701
958 702
961 702
959 701
959 701
959 701
959 701
959 702
874 644
874 649
957 700
955 700
957 698
956 700
958 702
955 699
954 699
958 699
955 698
956 698
956 698
956 699
956 701
958 700
956 697
959 699
956 697
959 700
955 699
957 700
957 700
957 700
957 699
957 699
957 700
955 699
957 700
954 700
957 700
957 700
957 700
957 700
957 700
957 700
957 700
957 700
957 700
957 700
957 700
957 699
954 699
956 700
954 699
957 700
957 697
956 698
957 699
957 701
955 699
957 700
958 700
956 698
955 699
958 700
957 701
955 698
957 700
955 699
955 700
955 701
957 700
956 699
956 699
959 698
955 697
956 702
955 699
954 699
959 700
958 700
955 697
955 697
958 702
958 700
955 701
955 700
956 701
956 698
957 701
956 699
956 701
956 699
957 699
956 701
956 700
955 698
956 699
959 699
958 700
957 700
955 698
956 697
959 700
955 700
956 700
957 699
955 699
955 698
956 698
956 700
958 702
956 700
957 700
955 700
956 700
956 698
957 699
958 700
958 702
957 701
957 700
957 700
957 700
958 700
958 701
955 699
957 699
955 699
958 699
955 699
955 700
956 699
967 717
967 717
976 688
976 688
976 687
877 649
957 697
959 698
957 698
958 698
957 698
957 697
958 698
957 698
943 698
954 706
953 709
876 639
876 640
875 638
877 640
877 640
877 641
876 639
877 638
876 638
875 639
876 639
875 639
875 638
876 639
877 641
877 640
877 640
876 639
877 638
878 636
878 638
877 638
878 638
877 638
878 638
874 649
874 649
874 637
977 617
1674 610
1679 582
1678 582
1680 582
1679 582
1678 582
1679 581
1593 576
1591 576
1592 577
1592 576
1686 618
1678 612
1677 616
1677 616
1677 616
1692 617
1680 616
1685 617
1642 592
1592 580
1679 609
1705 613
1613 574
1677 614
1678 615
1677 614
1679 613
1675 619
1676 620
1676 619
1676 618
1675 619
1675 619
1676 620
1676 618
1676 618
1677 619
1676 617
1676 617
1676 618
1593 578
1591 577
1591 578
1591 577
1682 617
1682 617
1681 605
1680 619
1692 615
1690 616
1673 606
1680 609
1593 578
1592 578
1593 577
1679 578
1620 577
1620 576
1688 615
1599 576
1687 616
1594 578
1594 578
1687 615
1680 616
1594 575
1595 580
1707 613
1684 617
1687 615
1640 575
1678 617
1678 617
1687 615
1617 575
1686 616
1685 617
1686 617
1693 615
1640 575
1678 602
1678 616
1678 616
1679 616
1678 617
1678 617
1678 617
1681 618
1679 617
1682 617
1682 617
1610 580
1682 615
1682 614
1678 617
1678 617
1679 583
1680 616
1680 616
1611 573
1611 572
1682 615
1701 614
1677 587
1679 612
1678 612
1689 615
1613 574
1681 618
1684 616
1684 616
1692 616
1679 619
1686 615
1686 614
1613 572
1614 572
1682 619
1690 616
1689 617
1632 586
1679 618
1583 592
1684 616
1691 614
1676 553
1680 613
1680 580
1680 580
1680 581
1684 617
1661 575
1637 574
1594 573
1681 619
1681 618
1680 613
1681 616
1676 616
1676 617
1675 617
1675 617
1676 616
1697 614
1685 618
1685 618
1693 615
1694 616
1693 615
1686 616
1684 618
1693 613
1693 613
1682 617
1673 606
1680 608
1679 614
1681 608
1676 616
1676 617
1676 616
1681 617
1681 616
1681 617
1674 599
1679 613
1676 616
1676 616
1676 617
1675 617
1676 617
1676 616
1676 616
1676 616
1676 616
1676 616
1676 616
1676 616
1676 616
1676 617
1676 616
1676 616
1675 617
1676 617
1676 616
1676 616
1676 616
1676 616
1676 616
1676 617
1676 617
1676 616
1677 615
1676 616
1676 616
1676 617
1676 616
1676 616
1676 616
1676 616
1676 616
1675 617
1675 617
1676 617
1676 617
1676 616
1676 616
1676 617
1676 616
1676 616
1676 617
1676 617
1676 616
1676 617
1676 616
1676 617
1676 617
1676 617
1676 617
1676 617
1676 617
1676 616
1676 617
1676 617
1676 616
1676 617
1676 617
1676 616
1676 616
1676 617
1676 616
1676 616
1676 617
1676 616
1676 617
1676 616
1676 616
1676 616
1676 616
1676 616
1676 616
1676 616
1676 617
1676 616
1676 616
1676 616
1676 616
1676 616
1676 616
1676 616
1675 617
1676 616
1676 616
1676 616
1676 616
1676 616
1676 616
1676 616
1676 616
1676 616
1676 616
1676 616
1675 617
1676 616
1676 616
1676 616
1676 616
1676 616
1676 616
1676 616
1676 616
1676 616
1676 616
1676 617
1676 617
1676 616
1677 616
1676 616
1676 616
1676 616
1676 616
1676 616
1676 617
1676 616
1676 616
1676 616
1676 616
1677 616
1676 616
1676 617
1677 616
1676 616
1676 616
1676 617
1676 616
1675 617
1676 617
1676 617
1676 616
1675 617
1676 617
1676 617
1676 616
1676 617
1676 615
1676 616
1675 617
1676 616
1676 616
1676 617
1676 617
1676 617
1676 616
1676 616
1675 617
1675 617
1676 617
1675 617
1676 616
1676 617
1676 616
1676 616
1676 616
1676 617
1676 616
1676 616
1676 617
1676 616
1676 616
1677 615
1676 617
1676 616
1676 616
1676 617
1676 616
1675 603
1587 574
1678 579
1687 614
1677 610
1691 616
1682 619
1678 609
1673 579
1615 574
1614 574
1684 616
1674 601
1685 545
1681 612
1692 613
1681 615
1677 601
1677 600
1678 599
1677 599
1677 601
1681 570
1681 570
1681 570
1681 582
1699 613
1612 574
1614 574
1613 573
1612 574
1682 618
1682 616
1682 616
1675 594
1681 612
1679 575
1692 617
1679 612
1679 612
1679 613
1677 579
1692 614
1691 613
1678 583
1672 609
1690 615
1681 606
1704 614
1673 620
1672 620
1674 620
1674 619
1673 619
1674 620
1673 619
1673 620
1673 619
1691 614
1677 617
1684 615
1638 575
1638 575
1638 575
1679 613
1683 617
1641 592
1642 592
1616 576
1616 576
1677 601
1615 572
1676 610
1676 610
1676 610
1683 617
1683 617
1682 616
1683 617
1683 616
1651 574
1680 611
1680 611
1679 616
1594 576
1593 577
1685 615
1677 616
1679 612
1679 607
1543 610
1544 611
1545 610
1545 611
1545 612
1543 610
1542 610
1532 605
1517 629
1531 615
1535 642
1547 606
1547 606
1558 610
1545 603
1544 604
1500 635
1500 634
1500 634
1520 631
1495 644
1507 605
1507 605
1508 605
1543 606
1542 607
1541 604
1539 608
1522 633
1546 615
1498 635
1498 637
1547 604
1519 642
1492 643
1496 642
1495 647
1492 644
1495 645
1494 644
1495 643
1494 645
1492 646
1491 645
1490 644
1494 645
1493 643
1492 646
1494 644
1492 646
1492 646
1493 646
1495 643
1496 646
1495 643
1494 645
1494 645
1496 643
1495 645
1492 646
1493 645
1494 646
1495 644
1492 646
1540 604
1543 603
1543 603
1541 603
1544 603
1539 605
1540 603
1543 603
1541 603
1541 603
1543 603
1541 603
1519 606
1519 605
1519 627
1520 629
1519 628
1517 629
1518 630
1519 631
1518 630
1520 629
1518 629
1519 627
1519 627
1520 630
1518 630
1521 631
1518 628
1518 630
1519 627
1518 630
1520 629
1519 627
1519 631
1518 630
1519 631
1518 631
1518 630
1520 629
1521 629
1519 631
1517 628
1518 630
1499 636
1498 634
1497 637
1498 635
1516 628
1516 628
1517 628
1516 628
1517 628
1516 628
1496 632
1492 641
1492 642
1521 630
1521 629
1516 631
1541 606
1517 632
1518 632
1516 629
1517 629
1546 608
1542 605
1547 609
1499 635
1497 642
1526 635
1498 640
1518 627
1494 642
1545 603
1546 603
1495 645
1497 642
1526 617
1526 616
1549 607
1549 607
1516 620
1517 620
1512 626
1496 642
1496 642
1496 642
1545 616
1544 616
1546 603
1538 609
1538 609
1547 600
1548 600
1497 644
1528 623
1522 629
1522 629
1558 608
1547 614
1546 614
1538 604
1538 604
1538 604
1544 606
1498 635
1488 639
1541 605
1541 605
1508 602
1508 602
1523 632
1560 612
1517 627
1522 630
1522 630
1545 602
1539 603
1509 601
1524 604
1524 604
1525 605
1538 611
1544 604
1544 603
1556 629
1547 608
1539 606
1539 606
1506 599
1508 599
1507 599
1508 600
1510 599
1508 600
1507 599
1497 629
1517 629
1541 611
1558 609
1493 642
1495 642
1494 642
1520 627
1520 628
1520 627
1520 627
1520 628
1537 604
1520 630
1520 630
1546 601
1545 604
1537 615
1518 629
1518 628
1518 629
1536 631
1536 630
1271 735
1295 701
1295 701
1267 712
1266 708
1265 708
1266 709
1266 708
1266 709
1258 695
1249 727
1267 712
1267 712
1266 714
1267 716
1266 716
1266 716
1266 716
1266 716
1265 711
1263 710
1264 711
1265 709
1264 710
1263 712
1264 710
1263 710
1265 713
1263 709
1263 710
1265 710
1265 709
1294 697
1265 707
1275 713
1309 704
1294 701
1292 699
1294 701
1293 699
1294 702
1294 701
1292 701
1293 700
1293 701
1292 700
1293 702
1292 700
1294 701
1261 711
819 547
819 547
823 531
823 530
826 591
826 591
825 590
806 519
911 544
824 531
823 530
824 532
824 531
823 532
824 531
824 531
823 532
824 531
823 531
850 557
850 557
851 557
849 557
849 557
851 557
850 557
850 557
798 593
826 535
826 535
828 532
828 532
828 532
828 532
820 531
816 548
815 548
816 547
816 547
816 548
816 547
819 562
815 541
815 541
817 557
819 557
818 557
819 557
819 557
818 557
819 556
819 557
819 557
819 557
819 557
819 557
819 557
801 558
819 531
831 531
830 531
831 531
830 531
831 531
885 525
821 530
822 530
821 531
823 530
821 531
822 530
821 530
822 530
822 530
846 527
847 527
817 554
820 540
820 540
820 540
842 590
906 534
906 534
825 533
825 533
826 532
825 532
825 533
825 532
826 533
826 533
825 533
825 532
822 549
803 540
803 541
853 546
817 536
816 536
823 588
823 587
823 588
823 588
823 588
822 588
827 533
827 532
827 532
828 537
821 534
802 546
802 547
799 569
828 534
827 533
828 534
894 528
826 531
824 531
823 530
825 531
826 531
825 529
828 532
826 531
827 530
826 530
826 531
826 530
826 530
828 531
826 530
824 531
827 530
825 531
828 530
828 531
826 530
827 531
826 529
827 531
825 529
828 531
828 529
828 532
828 531
826 530
826 532
826 530
826 530
826 531
826 531
826 531
826 530
826 530
825 530
827 531
826 531
827 531
826 531
827 530
826 531
826 531
826 531
826 531
825 532
825 531
824 531
826 532
826 532
827 530
826 531
823 530
828 532
828 531
828 531
825 532
824 530
828 530
827 531
826 531
826 530
826 531
825 532
827 531
826 531
826 530
826 531
827 531
826 531
826 529
826 530
826 531
826 531
826 531
826 531
825 531
826 531
826 531
825 529
825 531
824 532
825 533
827 530
858 553
852 553
852 553
814 572
814 572
820 542
820 542
820 541
819 541
820 541
821 541
819 541
820 541
820 541
821 541
820 542
833 533
833 533
836 533
804 522
823 533
823 533
823 534
823 534
820 557
824 543
852 529
852 529
824 533
823 532
825 532
824 533
824 532
825 532
824 532
824 533
824 532
824 532
806 532
831 531
831 530
831 531
825 533
822 531
824 533
824 533
804 520
804 521
827 533
826 534
827 534
827 533
827 533
824 535
824 534
824 535
831 531
831 530
823 537
823 537
1650 620
1599 621
1653 630
1654 630
1654 630
1597 630
1597 630
1574 627
1570 624
1640 626
1602 630
1568 624
1652 630
1652 631
1653 630
1624 626
1568 625
1620 627
1620 627
1654 625
1612 631
1647 628
1653 628
1653 628
1569 618
1569 618
1569 618
1647 604
1645 630
1656 624
1656 624
1656 624
1656 625
1655 627
1653 627
1653 617
1650 630
1644 627
1569 592
1569 593
1569 592
1647 629
1647 629
1658 627
1654 628
1654 628
1572 619
1649 632
1578 624
1624 634
1624 634
1627 626
1625 625
1626 625
1626 625
1653 630
1629 625
1629 625
1657 628
1657 627
1586 619
1585 619
1576 624
1657 625
1656 628
1591 625
1646 632
1652 628
1651 628
1652 628
1651 628
1637 630
1637 629
1635 629
1660 627
1653 626
1631 626
1651 620
1647 629
1627 624
1648 621
1654 630
1655 627
1569 625
1651 632
1652 632
1566 618
1566 618
1575 622
1654 626
1567 621
1570 620
1659 623
1575 619
1578 626
1659 626
1659 626
1653 627
1651 628
1654 626
1654 626
1650 629
1655 631
1655 631
1657 630
1655 631
1656 630
1655 631
1656 631
1655 631
1655 631
1655 631
1655 631
1655 631
1655 631
1655 631
1656 631
1656 631
1655 631
1656 631
1655 631
1655 631
1655 631
1655 631
1655 629
1655 631
1571 622
1573 621
1568 622
1571 622
1568 622
1571 622
1571 621
1570 622
1568 622
1572 622
1572 622
1570 624
1572 622
1572 622
1572 622
1571 620
1574 622
1571 622
1575 622
1572 622
1570 623
1571 622
1571 622
1572 622
1568 622
1571 622
1571 622
1571 622
1572 622
1653 628
1653 628
1649 626
1652 622
1656 628
1652 611
1568 620
1629 634
1586 630
1589 630
1587 630
1651 629
1652 632
1654 627
1607 615
1608 616
1575 620
1574 620
1658 627
1575 632
1656 627
1657 627
1657 627
1656 626
1656 626
1567 627
1567 627
1604 629
1651 629
1652 629
1651 629
1648 630
1648 631
1572 623
1648 632
1570 619
1569 619
1643 608
1623 608
1656 627
1656 627
1653 630
1641 624
1661 626
1661 626
1627 631
1628 631
1629 630
1629 632
1723 599
1720 598
1720 600
1720 595
1720 595
1723 603
1723 603
1721 597
1721 597
1721 597
1721 597
1721 597
1719 604
1719 599
1720 594
1541 747
1556 769
1556 769
1572 760
1572 761
1572 760
1572 760
1572 760
1571 760
1551 737
1554 738
1554 738
1554 738
1553 738
1554 738
1554 720
1541 719
1529 723
1529 723
1529 723
1530 723
1530 723
1530 722
1531 723
1531 723
1531 721
1533 721
1558 771
1559 770
1558 771
1570 763
1573 760
1573 759
1573 760
1574 759
1588 746
1589 742
1592 743
1590 743
1590 743
1591 743
1590 743
1571 758
1594 741
1587 747
1552 721
1531 725
1537 721
1568 755
1278 553
1165 557
1165 556
1166 557
1165 557
1278 567
1280 566
1280 566
1278 567
1278 567
1279 567
1279 566
1273 542
1267 578
1501 705
1455 701
1455 701
1400 716
1399 716
1450 701
1453 701
1454 702
1452 701
1452 701
1478 719
1479 719
1481 719
1444 691
1444 693
1486 717
1402 719
1401 720
1402 719
1402 720
1475 700
1400 717
1400 717
1400 717
1401 717
1400 717
1400 717
1451 704
1452 703
1452 704
1452 703
1451 703
1458 695
1401 719
1399 718
1400 718
1401 719
1492 704
1455 697
1455 696
1456 698
1455 699
1479 717
1479 718
1417 708
1416 708
1530 696
1499 704
1502 703
1502 703
1503 701
1502 703
1502 702
1499 703
1501 703
1499 704
1508 702
1454 697
1465 712
1501 706
1399 718
1395 717
1398 718
1399 718
1400 719
1396 717
1399 716
1397 719
1400 719
1397 718
1400 716
1396 718
1398 718
1399 718
1398 714
1457 698
1459 705
1459 706
1452 700
1453 699
1454 698
1452 700
1451 700
1452 700
1455 700
1452 699
1452 699
1452 699
1453 699
1452 699
1452 700
1449 700
1453 701
1451 700
1497 702
1509 704
1509 705
1456 702
1226 766
1226 767
1277 757
1277 757
1277 757
1277 757
1279 754
1280 754
1280 753
1280 754
1189 717
1189 717
1188 716
1271 762
1272 762
1272 761
1272 762
1272 761
1272 761
1272 760
1272 761
1271 762
1272 762
1272 760
1272 762
1272 761
1272 762
1272 762
1261 803
1261 805
1261 804
1261 805
1261 803
1262 803
1259 803
1260 801
1260 806
1261 806
1261 806
1261 802
1261 804
1262 803
1261 804
1261 805
1259 806
1260 806
1261 805
1261 805
1261 805
1261 805
1258 805
1261 805
1260 805
1261 805
1261 804
1260 802
1261 803
1260 802
1259 803
1260 802
1260 807
1261 805
1261 806
1260 806
1260 806
1261 805
1260 806
1260 805
1247 819
1309 814
1309 814
1309 814
1324 808
1324 808
1324 808
1272 759
1272 759
1301 815
1266 762
1243 813
1285 807
1266 883
1265 883
1266 883
1265 883
1240 779
1285 799
1285 798
1269 764
1268 765
1268 765
1276 756
1276 756
1276 757
1277 756
1276 756
1276 756
1275 763
1275 763
1260 801
1260 801
1260 801
1309 818
1267 768
1286 799
1286 799
1287 800
1286 799
1286 799
1286 799
1286 799
1272 758
1272 758
1272 758
1300 804
1301 806
1301 804
1274 757
1274 757
1275 757
1268 851
1308 812
1298 810
1297 810
1297 810
1297 811
1276 761
1277 759
1278 760
1276 758
1278 760
1278 760
1278 759
1278 760
1279 758
1278 758
1279 758
1277 758
1278 759
1278 756
1279 759
1278 758
1278 756
1277 760
1278 760
1273 758
1276 761
1276 762
1278 760
1277 758
1276 760
1276 758
1278 757
1278 758
1278 758
1279 759
1278 760
1278 760
1278 759
1277 757
1278 759
1277 757
1278 758
1278 759
1277 756
1278 759
1277 756
1278 759
1278 757
1278 759
1277 759
1278 759
1278 759
1278 759
1278 758
1277 757
1278 758
1278 759
1278 759
1278 760
1277 758
1278 758
1278 758
1278 760
1279 758
1278 759
1278 757
1278 756
1279 758
1278 759
1277 763
1264 752
1272 753
1273 752
1272 752
1272 753
1272 752
1308 820
1275 762
1243 767
1112 778
1108 778
1107 776
1112 778
1107 776
1112 779
1110 778
1112 778
1112 778
1108 777
1107 777
1108 777
1111 778
1281 768
1272 758
1272 759
1277 757
1277 757
1273 755
1273 755
1273 755
1273 756
1274 755
1273 756
1273 755
1269 762
1267 762
1267 762
1273 759
1268 761
1273 759
1267 762
1267 762
1267 761
1267 762
1267 761
1267 761
1269 759
1268 761
1305 820
1306 819
1307 818
1305 820
1278 754
1278 754
1277 754
1277 754
1268 760
1268 759
1269 759
1267 759
1266 760
1268 762
1268 760
1268 760
1267 761
1272 745
1312 823
1313 822
1312 823
1312 823
1313 822
1281 757
1280 757
1281 759
1281 757
1280 757
1280 757
1280 758
1262 799
1262 798
1260 766
1274 760
1273 761
1274 762
1274 757
1272 758
1272 757
1273 757
1274 756
1273 757
1262 879
1262 878
1262 878
1245 818
1273 774
1303 814
1299 814
1302 815
1300 815
1299 812
1305 817
1307 818
1298 814
1307 818
1302 815
1300 814
1299 814
1302 814
1299 814
1303 815
1301 816
1307 817
1297 813
1300 810
1299 815
1300 815
1302 816
1302 815
1302 816
1299 814
1302 815
1301 815
1298 812
1301 816
1302 814
1300 813
1299 811
1300 811
1302 815
1303 814
1303 814
1300 815
1303 814
1299 814
1303 814
1302 811
1303 810
1303 810
1298 816
1302 816
1307 818
1302 815
1301 810
1300 815
1301 812
1301 813
1298 811
1299 816
1299 812
1298 814
1300 811
1299 814
1302 811
1304 815
1299 814
1299 814
1302 814
1302 815
1300 811
1303 814
1300 810
1300 815
1301 815
1300 810
1302 815
1300 814
1298 812
1303 814
1303 814
1299 811
1301 815
1297 814
1301 815
1301 815
1303 814
1303 814
1301 815
1301 813
1300 814
1302 814
1303 814
1302 814
1303 814
1301 816
1303 814
1301 814
1301 815
1299 814
1302 815
1303 814
1301 815
1302 814
1301 815
1301 814
1300 814
1299 810
1302 815
1302 815
1299 812
1300 815
1298 815
1300 815
1298 815
1300 811
1301 814
1300 814
1301 814
1305 810
1305 809
1305 810
1305 809
1304 810
1306 810
1300 797
1300 798
1271 759
1271 759
1271 759
1271 759
1275 759
1275 757
1275 758
1274 759
1275 758
1296 814
1296 814
1296 815
1295 814
1297 814
1297 814
1296 815
1296 814
1270 757
1309 818
1236 809
1261 790
1259 855
1306 809
1272 781
1267 759
1258 803
1231 855
1231 854
1231 854
1308 819
1307 819
1308 818
1275 756
1275 756
1275 756
1313 764
1188 746
1190 744
1189 747
1189 745
1188 745
1314 787
1299 818
1272 763
1272 763
1272 763
1252 878
1253 878
1253 877
1253 879
1279 752
1280 753
1279 752
1280 753
1280 753
1281 752
1259 879
1281 759
1281 759
1185 774
1186 774
1250 878
1299 818
1299 818
1299 818
1281 756
1281 756
1315 781
1307 818
1327 811
1255 816
1271 758
1271 758
1270 759
1271 759
1180 777
1181 776
1306 816
1306 816
1306 816
1306 816
1302 818
1303 818
1191 736
1279 756
1280 756
1279 754
1277 755
1277 756
1279 755
1280 755
1278 755
1278 756
1280 755
1279 755
1279 755
1278 756
1279 756
1278 756
1279 756
1278 755
1277 755
1277 755
1277 755
1278 754
1278 755
1278 755
1278 755
1327 811
1269 848
1279 757
1279 756
1280 757
1279 756
1279 756
1278 756
1296 817
1270 756
1273 845
1283 758
1284 758
1283 758
1283 757
1295 818
1263 801
1263 800
1262 801
1263 801
1262 801
1262 800
1282 758
1283 757
1213 784
1246 820
1248 819
1245 818
1248 817
1248 818
1249 822
1245 820
1247 822
1246 816
1247 818
1247 818
1248 819
1248 820
1248 818
1247 819
1248 817
1245 820
1247 819
1249 822
1248 817
1249 819
1246 818
1248 820
1248 818
1246 819
1246 816
1249 817
1246 818
1246 819
1245 818
1249 819
1248 819
1248 820
1248 818
1247 818
1248 819
1246 817
1257 813
1252 817
1251 818
1281 745
1281 745
1281 744
1272 757
1272 757
1272 757
1300 810
1301 809
1300 809
1299 809
1300 810
1301 807
1301 807
1302 809
1302 809
1301 809
1301 808
1299 809
1300 810
1253 770
1298 817
1298 817
1298 817
1297 817
1298 817
1297 818
1298 817
1267 790
1268 790
1287 761
1325 748
1301 807
1301 807
1301 806
1300 806
1300 807
1301 807
1301 807
1298 808
1298 809
1271 756
1304 768
1304 769
1274 830
1274 831
1272 782
1271 783
1271 782
1270 759
1270 759
1277 766
1277 766
1260 760
1260 761
1306 818
1307 818
1307 818
1247 740
1247 740
1301 802
1282 756
1016 623
993 672
1014 613
1011 609
1015 621
1014 620
1015 620
1014 619
1015 618
1020 617
1013 611
1015 598
1055 656
1014 618
1018 625
1021 618
1021 618
1020 617
1012 609
1013 621
1013 621
1015 617
1014 616
1015 618
1015 619
1015 616
1013 616
1015 617
1015 616
1015 619
1016 617
1015 617
1015 617
1015 618
1014 617
1014 616
1015 620
1014 620
1015 620
1014 620
1014 620
1013 620
985 682
984 682
1013 618
1013 619
1013 619
1012 617
1614 649
1622 651
1621 652
1621 653
1622 652
1621 652
1621 651
1622 651
1622 651
1622 652
1623 652
1623 652
1622 651
1622 653
1620 651
1622 652
1621 651
1622 651
1622 651
1622 652
1620 651
1620 651
1622 651
1622 651
1622 650
1621 650
1621 650
1622 650
1621 650
1621 650
1621 650
1622 651
1622 651
1621 650
1622 650
1622 650
1622 650
1622 650
1621 650
1622 650
1615 647
1615 647
1615 647
1614 648
1615 647
1615 648
1614 648
1615 648
1563 680
1564 680
1534 691
1613 652
1618 652
1618 652
1618 652
1618 652
1616 649
1616 651
1615 651
1616 651
1597 665
1598 665
1598 664
1598 664
1597 665
1598 664
1597 665
1598 665
1637 689
1638 689
1637 690
1635 689
1637 688
1637 688
1636 688
1637 688
1634 687
1616 678
1614 677
1564 681
1616 651
1616 680
1617 654
1617 654
1615 669
1618 655
1618 655
1617 650
1617 651
1619 650
1618 651
1616 650
1616 651
1619 650
1617 651
1621 651
1621 651
1620 650
1620 650
1620 650
1619 650
1621 650
1621 651
1621 653
1614 661
1614 661
1614 663
1614 661
1615 661
1614 661
1614 660
1612 652
1612 652
1616 657
1613 672
1613 672
1615 672
1613 672
1632 681
1635 683
1634 683
1634 683
1591 658
1591 658
1612 651
1617 649
1616 650
1617 649
1616 649
1616 649
1621 652
1618 654
1614 646
1614 646
1614 646
1614 646
1614 646
1619 653
1585 676
1585 678
1615 652
1615 652
1620 649
1621 649
1619 649
1621 649
1620 649
1620 649
1619 649
1617 673
1612 676
1613 675
1632 682
1632 682
1633 683
1632 682
1632 682
1632 682
1633 682
1636 686
1638 686
1635 686
1635 685
1635 686
1636 687
1637 686
1637 686
1636 686
1635 686
1636 687
1618 650
1634 687
1618 654
1618 654
1617 649
1618 649
1617 649
1617 649
1617 649
1617 648
1617 649
1618 649
1616 674
1614 674
1613 675
1615 674
1614 674
1615 674
1614 674
1615 674
1613 675
1613 673
1613 674
1613 675
1613 676
1612 672
1612 672
1614 674
1614 673
1615 674
1614 673
1571 680
1572 679
1572 678
1622 650
1569 679
1630 685
1614 650
1619 652
1620 652
1619 652
1620 652
1616 658
1616 647
1616 648
1616 648
1615 649
1616 647
1616 647
1617 648
1616 685
1631 689
1631 688
1619 649
1619 649
1619 650
1619 650
1638 686
1639 687
1640 686
1637 688
1639 687
1640 688
1639 688
1641 688
1640 688
1640 687
1638 687
1639 687
1640 687
1638 688
1637 686
1641 687
1638 687
1640 687
1640 687
1638 687
1640 688
1639 688
1639 686
1609 653
1610 653
1609 653
1590 665
1627 679
1627 677
1629 679
1628 679
1628 678
1626 679
1629 680
1617 654
1618 654
1633 681
1689 549
1690 550
1689 550
1691 550
806 504
806 504
806 504
827 477
827 477
827 477
836 483
835 483
838 484
834 499
834 498
834 498
834 499
834 498
834 499
829 493
828 526
828 526
828 526
822 496
822 496
835 493
834 493
834 493
836 493
835 494
834 493
834 493
834 493
835 493
835 493
835 494
834 493
835 494
834 493
836 493
834 493
835 493
836 494
834 493
830 472
829 472
830 473
830 473
829 472
830 473
829 473
829 472
830 472
830 472
835 501
835 501
835 501
835 501
834 491
834 490
835 490
834 490
834 490
834 489
826 494
827 493
827 493
827 494
832 496
832 496
832 496
832 478
832 478
832 478
832 478
829 529
839 492
821 509
821 509
821 510
915 495
924 514
924 514
836 498
836 498
833 496
833 497
832 498
827 502
827 502
838 491
868 497
868 497
868 497
831 490
832 490
831 489
832 490
831 490
863 504
863 504
863 505
863 504
838 500
838 500
834 486
834 487
834 487
834 487
834 487
834 487
834 488
834 487
836 486
834 488
834 488
834 486
834 488
832 498
832 498
833 498
832 498
831 499
832 498
832 498
832 499
832 499
832 498
828 471
831 500
828 502
828 498
828 499
827 497
826 498
827 499
827 498
833 503
837 494
837 494
837 493
838 494
837 494
837 494
837 494
837 494
838 494
822 519
834 490
834 490
886 518
887 519
887 518
886 518
834 496
835 498
834 497
833 497
835 498
836 498
834 497
833 497
835 498
834 497
834 497
834 497
834 497
833 497
828 489
834 492
834 491
835 492
834 491
835 491
835 492
835 492
834 491
834 492
834 492
834 492
835 491
823 503
823 504
823 504
824 503
823 503
824 503
833 490
837 486
836 486
829 501
829 501
829 501
861 493
923 492
821 519
821 519
821 520
821 520
822 519
832 489
833 488
832 489
833 489
832 489
833 489
833 489
833 489
833 489
833 489
833 489
833 489
837 498
837 497
837 497
835 485
835 484
835 485
834 484
835 485
829 502
834 493
834 494
834 493
834 493
834 494
834 493
834 489
834 489
834 489
833 500
833 499
839 489
838 489
839 489
838 489
885 502
885 501
886 502
833 489
832 478
832 478
832 478
833 488
833 488
835 494
835 494
832 496
842 495
841 495
826 481
826 481
826 481
823 503
821 503
823 503
824 503
823 503
821 503
822 503
823 503
822 503
821 503
834 502
834 502
832 501
886 515
813 484
827 494
827 495
826 495
827 495
824 484
827 491
827 491
876 518
922 509
922 509
832 501
833 500
833 502
833 502
832 501
833 501
833 502
833 501
836 492
836 492
837 491
836 492
837 491
836 492
836 492
836 492
836 491
835 493
836 492
836 492
835 493
836 492
836 492
835 496
835 496
834 495
835 495
834 496
834 495
835 495
835 496
834 496
834 496
835 495
886 518
885 517
886 518
886 517
885 517
885 517
901 502
827 528
837 493
837 494
837 493
832 491
832 493
832 492
832 493
831 495
832 493
832 491
833 494
832 493
831 494
832 493
832 491
831 495
831 492
832 493
831 492
833 496
832 492
832 493
833 495
831 494
832 493
832 493
833 496
832 493
832 493
832 493
833 496
831 494
832 491
832 493
831 493
832 491
832 491
833 491
832 493
833 491
832 493
832 493
832 493
832 493
832 493
832 493
832 493
831 492
833 493
832 493
832 493
832 492
833 493
833 492
832 493
832 493
832 493
832 493
832 490
832 492
832 493
832 493
831 494
832 493
831 494
832 493
831 492
831 492
832 493
832 493
832 493
832 494
832 493
832 493
832 493
832 492
832 493
832 493
831 491
832 492
832 493
833 493
832 493
833 493
832 493
832 491
831 492
833 494
832 491
832 491
832 492
832 493
832 493
832 493
832 493
832 493
832 493
832 493
832 493
833 494
831 490
832 493
833 494
832 492
832 493
832 494
832 493
832 493
833 492
832 492
832 492
832 493
833 492
831 494
832 493
831 495
819 485
819 500
832 490
832 490
832 490
832 490
826 492
826 492
825 492
826 492
826 492
835 489
836 487
835 488
840 494
830 502
918 493
918 490
919 493
921 493
919 492
917 492
919 492
921 492
918 493
918 492
920 492
920 492
916 492
917 491
918 490
918 492
919 493
918 491
918 490
918 491
919 491
917 491
921 492
920 492
917 491
918 492
918 492
918 492
919 493
832 482
832 482
834 500
834 500
830 502
830 501
831 499
831 501
830 500
829 499
830 500
829 500
830 501
829 500
830 501
830 501
829 501
829 500
829 499
828 500
830 500
830 499
830 499
830 500
829 500
830 502
830 499
830 500
830 500
829 499
833 495
833 496
833 496
833 496
835 484
822 504
822 504
822 504
829 500
829 528
828 528
829 529
829 529
827 529
827 528
829 529
828 528
826 528
829 528
826 528
828 529
827 528
829 529
828 529
826 528
830 529
828 528
826 528
826 529
828 529
829 529
829 528
826 527
828 528
826 527
828 528
922 492
922 492
902 521
902 521
902 521
832 530
867 496
867 496
867 496
836 490
836 490
835 490
835 490
825 524
863 511
864 511
864 512
864 512
863 511
862 511
864 512
863 511
863 511
827 505
1424 553
1423 553
1425 554
1424 553
1430 550
1429 575
1429 575
1428 575
1425 575
1425 575
1420 583
1371 544
1371 544
1370 544
1371 544
1406 576
1423 562
1423 562
1433 573
1432 577
1430 572
1433 570
1432 549
1431 577
1431 577
1430 577
1349 540
1414 581
1414 581
1434 583
1434 584
1432 584
1424 583
1405 575
1406 575
1407 575
1405 575
1407 575
1406 575
1437 557
1393 546
1429 573
1429 573
1429 573
1433 572
1405 574
1405 574
1433 575
1433 577
1431 573
1433 576
1432 574
1433 576
1432 576
1433 575
1433 575
1432 575
1433 575
1433 575
1433 574
1433 575
1432 576
1408 575
1423 555
1429 576
1433 578
1432 578
1433 578
1423 575
1376 560
1421 558
1422 557
1421 558
1427 574
1405 549
1433 581
1435 563
1436 563
1404 548
1427 574
1402 541
1430 575
1430 575
1430 574
1431 575
1430 576
1430 576
1430 576
1428 569
1432 576
1433 574
1400 565
1531 658
1532 659
1550 670
1547 665
1542 660
1566 643
1528 658
1571 636
1572 636
1552 677
1569 658
1541 660
1560 629
1559 629
1558 629
1112 579
1111 579
1138 609
1139 609
1138 610
1139 609
1138 610
1031 607
1126 553
1126 553
1034 567
1034 568
1124 606
1125 606
1060 602
1101 544
