1920 1080
38.0 38.54
-86.0 -85.04
38.169944 -85.68389
38.31213 -85.897574
38.156117 -85.86841
38.159824 -85.764936
38.261111 -85.777545
38.196745 -85.793614
38.257046 -85.787459
38.159739 -85.779097
38.297026 -85.81114
38.257046 -85.787459
38.280918 -85.634047
38.268881 -85.581303
38.172237 -85.825618
38.219697 -85.620637
38.169928 -85.606898
38.244667 -85.737021
38.251346 -85.637957
38.324873 -85.712128
38.311051 -85.821446
38.23574 -85.716368
38.224372 -85.694691
38.183984 -85.799581
38.137211 -85.843613
38.154784 -85.69555
38.304773 -85.758074
38.203636 -85.735341
38.299306 -85.761976
38.271189 -85.740099
38.269239 -85.783734
38.161475 -85.699376
38.17518 -85.713036
38.198448 -85.587641
38.184089 -85.699189
